##########################
Parameter der Optimierung:
--------------------------
modus.ordnung: 5
modus.absorber_optimieren: 0
modus.grossen_spiegel_optimieren: 1
modus.kleinen_spiegel_optimieren: 1
modus.spiegelpfad_radius_optimieren: 0
modus.num_rays_per_row: 80
modus.number_zeitpunkte: 15
A = [ 0.815000 0.906000 0.127000 0.914000 0.633000 0.098000 0.279000 0.547000 0.958000 0.965000 0.158000 0.971000 0.958000 0.486000 0.801000 0.142000 0.422000 0.916000 0.793000 0.960000 0.656000 0.036000 0.850000 0.934000 0.679000 0.758000 0.744000 0.393000 0.656000 0.172000 0.707000 0.032000 0.277000 0.047000 0.098000 0.824000 0.695000 0.318000 0.951000 0.035000 0.439000 0.382000 0.766000 0.796000 0.187000 0.490000 0.446000 0.647000 0.710000 0.755000 0.277000 0.680000 0.656000 0.163000 0.119000 0.499000 0.960000 0.341000 0.586000 0.224000 0.752000 0.256000 0.506000 0.700000 0.891000 0.960000 0.548000 0.139000 0.150000 0.258000 4.300000 ]
optimiertes A = [ 0.835375 0.928650 0.127000 0.914000 0.633000 0.098000 0.279000 0.547000 0.958000 0.965000 0.158000 0.971000 0.958000 0.486000 0.801000 0.142000 0.422000 0.916000 0.793000 0.960000 0.656000 0.036000 0.850000 0.934000 0.679000 0.758000 0.744000 0.393000 0.656000 0.172000 0.707000 0.032000 0.277000 0.047000 0.098000 0.824000 0.695000 0.318000 0.951000 0.035000 0.439000 0.382000 0.766000 0.796000 0.187000 0.490000 0.446000 0.647000 0.710000 0.755000 0.277000 0.680000 0.656000 0.163000 0.119000 0.499000 0.960000 0.341000 0.586000 0.224000 0.752000 0.256000 0.506000 0.700000 0.891000 0.960000 0.548000 0.139000 0.150000 0.258000 4.300000 ]
Laufzeit: 2202 min 28 sec
##########################


##########################
Parameter der Optimierung:
--------------------------
modus.ordnung: 2
modus.absorber_optimieren: 1
modus.grossen_spiegel_optimieren: 1
modus.kleinen_spiegel_optimieren: 1
modus.spiegelpfad_radius_optimieren: 1
modus.num_rays_per_row: 80
modus.number_zeitpunkte: 15
A = [ 0.815000 0.906000 0.127000 0.914000 0.633000 0.098000 0.279000 0.547000 0.958000 0.965000 0.158000 0.971000 0.958000 0.486000 0.801000 0.142000 0.422000 0.916000 0.793000 0.960000 0.656000 0.036000 4.400000 ]
